[[1591.8381   384.9846  1299.4248   367.30148]]
[[1297.6836   369.30234 1106.3396   346.3358 ]]
[[1558.122   307.9591 1209.3276  314.2487]]
[[849.43805  88.21487 976.9689   95.14786]]
[[1209.0736   316.29996 1024.2499   303.71164]]
[[719.24915 107.46428 742.8567  102.96664]]
[[1389.4701  380.3499 1591.962   392.98  ]]
[[1034.2039  313.2456 1251.8862  322.8721]]
[[935.6154  257.0342  978.18713 259.5905 ]]
[[1141.6942   363.1536  1388.0258   380.76352]]
[[1311.9404   477.62738 1591.9163   483.73505]]
[[ 918.50934  269.31824 1139.8702   364.05917]]
[[1168.1831   122.41978 1232.0146   127.68116]]
[[1250.6263   319.43494 1578.1328   312.23114]]
[[485.1645  313.54013 619.43604 231.97543]]
[[1135.4827   250.33691 1317.9509   262.0791 ]]
[[  8.727984 537.8915   484.23154  311.4489  ]]
[[ 905.6019   234.69678 1130.6996   250.83392]]
[[1123.153    264.8382  1089.3568   263.63547]]
[[983.1339  253.30768 925.61707 252.82863]]
[[1107.4768   340.9625  1035.0782   311.40256]]
[[1010.6275   294.10834  984.3915   293.86285]]
[[805.4514   83.75661 848.0501   87.68666]]
[[1203.0514   247.99452  895.565    227.78766]]
[[1591.887    474.0201  1299.3826   464.14948]]
[[1044.3035   265.42426 1060.637    264.6187 ]]
[[1078.1464   261.20654 1044.351    260.12888]]
[[1590.438    675.37537 1312.8022   498.088  ]]
[[1240.6138   279.68982 1258.225    280.3164 ]]
[[1319.4261   263.7143  1344.5658   265.65988]]
[[1061.8765   266.65027 1068.1344   266.69156]]
[[1275.0206   500.23965 1583.6757   707.8808 ]]
[[458.77756  313.89935   10.006139 510.10034 ]]
[[1168.1542   268.33212 1139.3568   267.5266 ]]
[[1005.5979   249.72614 1036.9025   250.2565 ]]
[[ 999.4458   260.70694 1028.2416   262.4525 ]]
[[1380.637    268.29276 1416.8826   268.6942 ]]
[[1290.655    283.44464 1308.2175   284.01263]]
[[1094.4606   268.66983 1113.2374   270.94937]]
[[1581.6996   306.40442 1560.1353   301.55084]]
[[1480.6868   275.77484 1513.1643   276.62762]]
[[1413.1249   264.45108 1379.3732   264.40314]]
[[985.13416 293.0306  928.5688  261.0891 ]]
[[512.46796 289.17487 456.87073 314.36557]]
[[1218.1243   249.46594 1205.6146   249.36122]]
[[674.50696  121.722046 705.7419   123.27575 ]]
[[946.9085  244.91125 988.18494 246.84877]]
[[1309.3685   279.4165  1290.6189   279.32178]]
[[1278.7736  483.1183 1278.6614  493.145 ]]
[[1271.8762   251.21178 1220.6213   251.31396]]
[[1260.6228   275.79178 1244.3594   275.58054]]
[[602.6292  234.79993 512.41016 289.01556]]
[[1189.4      275.9498  1218.1628   276.72833]]
[[1300.0475   466.57462 1278.2311   482.02475]]
[[629.35315  118.54562  648.1142   118.348656]]
[[1430.6465   271.98438 1463.1584   272.59534]]
[[685.13257   24.32853  676.00867  121.015076]]
[[1358.1259   260.48062 1320.6195   260.24536]]
[[708.1401  118.1638  719.49365 107.01935]]
[[649.0718  116.99632 648.2727  106.76583]]
[[1233.2076   127.66074 1291.7615   130.48184]]
[[904.39984 242.10016 943.1271  243.03838]]
[[1458.128    267.95908 1430.6283   268.0375 ]]
[[793.12726  89.9612  806.0034   81.17985]]
[[1025.6277   256.87982 1003.1278   256.9279 ]]
[[1305.3215   163.3141  1318.843    154.22424]]
[[1055.6964   253.22528 1083.1721   254.04341]]
[[650.8232   106.598656 654.2612    77.96127 ]]
[[1024.4918   300.29236 1009.9669   295.19   ]]
[[1320.6992   252.7286  1309.5337   253.69952]]
[[1495.559    294.29605 1485.5907   293.73422]]
[[1500.6215   271.86713 1480.618    271.80966]]
[[1531.8665   297.8655  1519.3674   297.75818]]
[[925.1977  253.4466  921.27606 258.61865]]
[[782.7828   98.39165 793.1034  100.72062]]
[[1435.7565   155.34549 1455.9557   129.04935]]
[[1138.2278  271.7403 1162.0322  273.5071]]
[[1066.8682   265.36023 1078.135    265.4385 ]]
[[1555.624    275.7001  1534.3619   275.43854]]
[[792.3215   89.20527 794.87085  95.91168]]
[[1111.8616   268.9704  1123.1484   269.14984]]
[[653.4929    65.61983  653.6981    30.613707]]
[[1218.1088   272.31064 1189.352    271.24136]]
[[781.6394   98.20815 785.1931  108.27743]]
[[1358.7281   124.37142 1358.8457   103.11516]]
[[1457.5011    127.800705 1475.0312    115.94331 ]]
[[1281.9034   242.21748 1254.313    241.3535 ]]
[[873.7847    40.379158 867.06445   53.160103]]
[[1576.9221   310.1573  1584.395    309.70694]]
[[752.777     87.051346 760.11505   88.841774]]
[[743.1903   98.4852  754.83734  88.9713 ]]
[[1376.8628   271.6972  1364.3645   271.55542]]
[[1314.7568   498.22565 1309.7694   485.72064]]
[[1259.3723   280.25266 1268.13     280.27988]]
[[652.82587  78.98474 651.0686   69.07469]]
[[1317.0906   147.89505 1337.9319   122.96354]]
[[837.63293  92.289   831.04224  95.29105]]
[[1156.7118    96.16439 1172.7488   105.05375]]
[[1343.1112   264.80942 1363.1304   264.97333]]
[[1306.9048   256.19443 1273.105    255.67206]]
[[867.69495   51.976765 847.30444   68.35333 ]]
[[883.96027   37.327816 874.93036   41.757206]]
[[759.6496   87.09542 776.1162   98.01885]]
[[1033.0867   258.63736 1023.1423   257.89374]]
[[789.9246    93.4109   793.1209    99.377174]]
[[942.512   111.76125 946.79926 105.90452]]
[[618.06335 229.36194 600.48236 228.48532]]
[[1316.7363   155.28984 1322.5482   148.9503 ]]
[[951.4731    52.106487 927.2601    72.07628 ]]
[[1161.9432   273.16098 1171.8688   272.89413]]
[[836.2203   104.56101  842.9855   100.398224]]
[[1165.9585   121.97191 1175.6725   119.56664]]
[[771.4589   112.411385 782.5741   105.93021 ]]
[[635.6117   40.94614 629.36237 113.66106]]
[[1502.0592     17.515327 1510.9404     12.425288]]
[[1187.9608   259.1367  1171.9302   256.53525]]
[[807.5037   78.53274 799.6914   72.70112]]
[[1427.7938    116.525894 1418.7778    163.25096 ]]
[[1289.4031   162.30367 1305.7195   162.8617 ]]
[[776.55066  97.48251 770.9285  111.25899]]
[[1360.5969   283.07108 1344.3558   282.6892 ]]
[[945.20734  99.95623 938.61487 102.9527 ]]
[[1434.3738  276.8879 1414.3212  274.9242]]
[[1366.911    275.93567 1384.4331   276.6065 ]]
[[1591.8752     10.323848   13.125163    9.154586]]
[[940.21344 104.00349 940.94635 110.58924]]
[[1169.7032    105.52363  1170.1987    119.345474]]
[[624.4276  112.96243 633.8453  116.01124]]
[[  13.124624   12.484463 1501.8787     13.402709]]
[[1251.8817   245.97122 1283.1394   246.20488]]
[[1421.8129   156.61101 1438.0868   155.94331]]
[[1520.762      19.240566 1552.199      22.349312]]
[[1535.6436  279.5803 1563.1571  280.0688]]
[[1485.6598   298.56876 1503.1337   298.8643 ]]
[[1215.418     113.340096 1235.3726    116.16064 ]]
[[919.37115   74.367455 927.36884   70.32481 ]]
[[835.76654  96.32907 834.07556 103.63438]]
[[1225.6022   260.9292  1214.3219   260.08096]]
[[1318.0037   257.01016 1328.1448   257.89862]]
[[928.1481  259.46982 936.09033 257.537  ]]
[[1272.539    256.2049  1268.7715   252.47241]]
[[1519.5183   301.81686 1538.2096   302.86392]]
[[921.912   238.88928 904.3236  237.55048]]
[[1110.6044   256.87442 1143.1573   257.41122]]
[[1156.5105    92.7829  1164.2659    95.89679]]
[[1164.4448     65.61922  1164.5435     88.135216]]
[[1555.2665     21.64725  1591.983      27.439873]]
[[1404.4088   287.18393 1394.332    286.8217 ]]
[[1344.1962   130.95082 1356.2448   128.61871]]
[[1411.9359   279.39478 1438.1217   280.69073]]
[[1164.4341   260.93015 1186.9178   261.53534]]
[[1141.8961   253.96332 1130.6117   253.3835 ]]
[[875.04376   29.892572 880.3153    38.318752]]
[[1418.0758   288.6492  1405.4524   287.46585]]
[[  13.125007  707.0079   1591.8751    706.92755 ]]
[[1395.6471   291.3557  1418.1436   291.63623]]
[[1155.6382    90.0041  1169.382     90.29495]]
[[1071.9338   250.08452 1060.5466   248.84483]]
[[1316.8301   147.07706 1324.5063   148.78453]]
[[1311.9344   113.91022 1240.4156   104.76116]]
[[1255.6089   102.23844 1278.1754   103.23978]]
[[1428.9324    104.25697  1429.8821    120.811035]]
[[1198.1251   100.68311 1186.8691   100.71041]]
[[  8.275405  13.125691   8.709441 703.1254  ]]
[[1332.3391   118.99236 1324.0204   110.99379]]
[[1541.9429   300.07794 1530.7108   298.68387]]
[[1593.5588    704.3755   1594.2943     11.876242]]
[[814.7322    53.386707 810.439     79.75181 ]]
[[1334.2996   269.83453 1320.5106   267.57245]]
[[839.113     96.33993  845.83453   98.803246]]
[[1430.1467   118.57193 1424.5256   123.30387]]
[[1344.3856   287.44626 1368.1493   287.8164 ]]
[[1293.2041   133.33435 1297.002    154.5758 ]]
[[1356.1354   120.56973 1357.2346   130.7214 ]]
[[1183.1044    95.97174 1201.8835    96.21442]]
[[1123.1774   238.38908 1138.1351   239.18344]]
[[1386.9292   273.9495  1375.702    272.52023]]
[[596.66895 228.3931  603.79956 233.8737 ]]
[[1549.3956     59.09993  1573.1412     59.420677]]
[[1215.698    264.89767 1238.1674   265.72775]]
[[802.4523    37.610725 750.2472    20.529615]]
[[1236.9131    83.15831 1218.1394    82.96603]]
[[1129.4202   253.6542  1118.0581   252.94145]]
[[920.3144    36.672817 876.57135   32.842995]]
[[1265.6603   268.6078  1298.1285   269.17612]]
[[840.77765   29.9118   813.691     37.615047]]
[[1555.4044     15.245022 1552.7476     25.527485]]
[[1291.6895   151.282   1290.3497   161.09918]]
[[760.96094   28.219526 689.9658    21.6955  ]]
[[1573.098     56.00389 1549.2908    54.30627]]
[[1216.9357    63.45237 1190.2131    68.40077]]
[[1334.3811     36.89781  1358.1305     37.016144]]
[[1252.7223    70.63126 1242.6746    63.78624]]
[[1350.6058     32.555637 1338.0804     32.202133]]
[[1064.4282   230.68399 1055.6399   230.291  ]]
[[1358.1659    34.05804 1350.6301    33.0849 ]]
[[987.7867    42.162758 959.05255   35.8406  ]]
[[847.5985   67.3926  839.0719   64.28055]]
[[1284.0094     76.785    1254.9905     67.638245]]
[[1026.8295   261.59787 1034.4298   261.95358]]
[[1481.1202    96.70923 1471.7319    98.70088]]
[[1190.1864     67.91807  1179.7883     62.127495]]
[[842.62726   63.724148 827.8044    49.714207]]
[[962.1127    45.630245 945.7396    48.730434]]
[[1024.3893   246.69717 1005.55994  245.18504]]
[[1472.8531    97.42527 1450.1166    93.9917 ]]
[[946.45074   48.303165 954.359     54.395733]]
[[923.8392    69.98098  907.7335    55.740326]]
[[972.3956   89.46147 982.70105  94.07248]]
[[1014.0097     53.43539  1001.6043     50.531387]]
[[1286.8917   161.92337 1299.2146   157.66125]]
[[1289.0946   148.17401 1296.8358   154.4236 ]]
[[1505.0836    113.163795 1494.0121    108.51312 ]]
[[1513.1971   272.72385 1504.299    273.4795 ]]
[[1494.5636   107.00794 1480.4772    96.19614]]
[[644.5548    27.087048 638.2465    27.862883]]
[[1243.1028     79.490906 1236.6783     85.26553 ]]
[[1474.3713   115.02726 1498.1237   115.07251]]
[[979.3117    90.556206 987.31836   59.81605 ]]
[[908.7767    50.070408 924.5166    44.797764]]
[[1356.289    105.34423 1329.1957    98.87587]]
[[1223.222      79.678185 1224.1417     68.0081  ]]
[[1179.7217     63.815647 1169.1517     61.790234]]
[[1234.6383   118.08787 1234.5547   123.12798]]
[[995.37256   48.56846  985.26373   42.813793]]
[[903.12006   44.199078 898.9621    49.018818]]
[[1287.5515    82.63718 1280.1628    77.07789]]
[[ 999.47485   77.97853 1016.9363    70.38983]]
[[1563.1256   291.56274 1585.6256   291.60992]]
[[1311.8882   110.5847  1324.6575   114.76123]]
[[843.71967   40.072273 840.85626   32.247814]]
[[1011.83307    63.262066 1019.3906     65.573845]]
[[1225.3871    66.77854 1217.2415    65.09824]]
[[1423.3048   159.15964 1424.1244   164.60103]]
[[905.8672    52.731052 915.835     54.199516]]
[[1330.293     100.630775 1318.3127    103.828285]]
[[1450.3644    92.30286 1429.1279   104.8257 ]]
[[1293.6016    102.751015 1285.1868     83.31475 ]]
[[655.27875   29.940882 649.9713    26.693304]]
[[1207.5994    76.77191 1185.3586    83.49346]]
[[998.93427   90.68049  999.3725    84.289116]]
[[1013.46686    62.019215 1014.1713     54.2433  ]]
[[1281.809     103.645546 1293.183     104.0701  ]]
[[1215.549     80.65    1225.6652    80.02173]]
[[923.2651    43.91634  920.87573   36.790916]]
[[1333.1144     33.377884 1341.9014     33.7467  ]]
[[1319.3458    107.672806 1331.9546    106.85974 ]]
[[832.41974   44.759274 843.29474   41.13426 ]]
[[1457.287    111.55671 1431.7546   114.62203]]
[[998.88135   54.365467 998.49384   74.430405]]
[[1170.0514    62.38336 1165.2351    67.66003]]
[[1358.3915    98.39246 1356.4294   109.51688]]
[[1243.4242    67.63964 1237.5659    79.1158 ]]
[[626.1538   92.20922 618.2794   94.83765]]
[[798.231    73.40647 790.0135   76.50129]]
[[1458.1189   292.12405 1445.5956   291.8146 ]]
[[1514.6572    125.309364 1503.6085    113.86502 ]]
[[1328.6802   108.2532  1342.1993   114.94404]]
[[692.60504   20.41213  683.7266    23.567694]]
[[978.2073   65.34219 990.7379   68.98688]]
[[647.75555   37.037502 651.38556   45.290485]]
[[809.03656   48.860237 806.21954   37.031086]]
[[1594.2804  898.1252 1594.2562  708.1249]]
[[1.5939456e+03 8.2189388e+00 1.5948254e+03 5.3346473e-01]]
[[1485.5333   281.30386 1475.3809   279.93353]]
[[1309.4811  124.4303 1300.9758  140.7553]]
[[1239.4517    104.78711  1200.4562    101.221634]]
[[991.29816  52.81237 994.1294   58.90851]]
[[1583.1302     62.68211  1591.879      62.785988]]
[[957.75006   37.786354 959.9215    43.397263]]
[[638.3758    30.622776 638.4535    39.38317 ]]
[[1318.5355    117.19295  1309.8379    125.026726]]
[[1350.4459   110.91823 1345.4653   129.10808]]
[[625.983    72.56334 632.02686  71.44723]]
[[813.4253    38.0314   813.9653    46.975204]]
[[979.3538  242.78065 961.8634  242.37152]]
[[1497.4996   115.66698 1507.8137   123.53308]]
[[1469.411    283.6592  1488.1136   284.60098]]
[[ 11.450289 703.1251    11.473457 544.37476 ]]
[[1583.2197   283.63547 1591.9027   282.02454]]
[[ 11.468075  511.87497    11.454732    0.6250436]]
[[ 11.472386 898.1251    11.461659 708.12494 ]]
[[1217.9584    78.32419 1207.8052    77.15654]]
[[811.49066   47.494656 820.2664    52.937744]]
[[  8.355002 708.1249     8.331322 898.1252  ]]
[[1254.5973     79.267235 1243.2133     80.32508 ]]
[[797.7883   67.5899  804.8311   70.90647]]
[[791.58685   67.592445 797.1893    69.84255 ]]
[[ 7.553266    0.51289165  9.228661   10.649188  ]]
[[977.71295   53.98365  962.0668    46.475395]]
[[1182.9915    80.54752 1167.8994    79.71541]]
[[1445.6091   295.43933 1458.1215   295.3007 ]]
[[1220.6034    99.41818 1241.8892    99.77301]]
[[1321.7499   272.28165 1338.1893   273.5237 ]]
[[1580.625     703.8784     13.125001  703.87463 ]]
[[1470.1724   116.63298 1456.2308   113.83808]]
[[1014.3829   228.08005 1005.4686   226.51653]]
[[892.8942    49.39286  892.98224   44.372498]]
[[801.997     62.600075 785.6549    63.609356]]
[[788.103     73.31188  787.1513    66.834404]]
[[1271.6945    120.046844 1280.7338    117.223305]]
[[1206.8715    98.18691 1215.6643    98.69487]]
[[6.906816   9.669889   0.58055776 9.459154  ]]
[[726.85077 213.34302 738.0946  213.07921]]
[[866.9567   38.01658 871.9478   41.77842]]
[[1268.2075     88.18337  1251.7451     80.670616]]
[[982.7962    60.971222 977.19586   55.262955]]
[[1279.0778    96.51959 1267.4468    92.65434]]
[[1333.7896    124.339264 1333.4545    118.107285]]
[[1269.7683    87.04237 1266.9418    93.6853 ]]
[[767.9532    37.507755 755.9953    34.261166]]
[[994.4579   85.44018 993.2075   93.33601]]
[[1269.3462    125.68182  1276.8976    125.848076]]
[[787.79016   66.805374 766.2826    37.92822 ]]
[[819.82513   46.55022  826.9187    52.682537]]
[[1590.5759    64.37478 1590.5393   276.87543]]
[[1590.5846   488.12463 1590.5312   670.62463]]
[[1590.5858  708.1243 1590.4825  898.1263]]
[[ 0.5943514 12.814939   6.8910356 12.691236 ]]
[[1590.3909   395.63043 1590.6703   471.87943]]
[[1590.8148   284.37073 1590.4232   381.87418]]
[[1511.8167     12.905287 1523.1481     12.455102]]
[[1590.5029     30.625452 1590.6001     56.879723]]
[[1590.4884       3.1370945 1590.9373       8.20801  ]]
[[1215.1812    122.432686 1213.593     114.04952 ]]
[[1245.6559    102.274864 1254.4397    102.593704]]
[[1450.6204     48.574017 1468.127      48.472996]]
[[1526.8784   288.02554 1538.1581   288.41367]]
